list(alpha=c(0.00000E+00, 0.00000E+00), tau=1.00000E+00)
